{
 "cells": [
  {
   "cell_type": "code",
   "execution_count": 1,
   "id": "7aa17d59",
   "metadata": {},
   "outputs": [],
   "source": [
    "import gurobipy as gp\n",
    "from gurobipy import GRB\n",
    "import pandas as pd\n",
    "import numpy as np"
   ]
  },
  {
   "cell_type": "markdown",
   "id": "284f4f1a",
   "metadata": {},
   "source": [
    "# QUESTION 1"
   ]
  },
  {
   "cell_type": "code",
   "execution_count": 4,
   "id": "043a672c",
   "metadata": {},
   "outputs": [
    {
     "data": {
      "text/html": [
       "<div>\n",
       "<style scoped>\n",
       "    .dataframe tbody tr th:only-of-type {\n",
       "        vertical-align: middle;\n",
       "    }\n",
       "\n",
       "    .dataframe tbody tr th {\n",
       "        vertical-align: top;\n",
       "    }\n",
       "\n",
       "    .dataframe thead th {\n",
       "        text-align: right;\n",
       "    }\n",
       "</style>\n",
       "<table border=\"1\" class=\"dataframe\">\n",
       "  <thead>\n",
       "    <tr style=\"text-align: right;\">\n",
       "      <th></th>\n",
       "      <th>Unnamed: 0</th>\n",
       "      <th>Size</th>\n",
       "      <th>Depot</th>\n",
       "      <th>Customer_1</th>\n",
       "      <th>Customer_2</th>\n",
       "      <th>Customer_3</th>\n",
       "      <th>Customer_4</th>\n",
       "      <th>Customer_5</th>\n",
       "      <th>Customer_6</th>\n",
       "      <th>Customer_7</th>\n",
       "      <th>Customer_8</th>\n",
       "      <th>Customer_9</th>\n",
       "      <th>Customer_10</th>\n",
       "      <th>Customer_11</th>\n",
       "      <th>Customer_12</th>\n",
       "      <th>Customer_13</th>\n",
       "      <th>Customer_14</th>\n",
       "      <th>Customer_15</th>\n",
       "    </tr>\n",
       "  </thead>\n",
       "  <tbody>\n",
       "    <tr>\n",
       "      <th>0</th>\n",
       "      <td>Customer_1</td>\n",
       "      <td>3614.258155</td>\n",
       "      <td>22.793623</td>\n",
       "      <td>0.000000</td>\n",
       "      <td>18.182319</td>\n",
       "      <td>6.987729</td>\n",
       "      <td>7.678954</td>\n",
       "      <td>13.694510</td>\n",
       "      <td>8.329835</td>\n",
       "      <td>12.811331</td>\n",
       "      <td>11.318991</td>\n",
       "      <td>15.708546</td>\n",
       "      <td>12.106011</td>\n",
       "      <td>14.568374</td>\n",
       "      <td>20.642632</td>\n",
       "      <td>15.469589</td>\n",
       "      <td>13.696646</td>\n",
       "      <td>20.036904</td>\n",
       "    </tr>\n",
       "    <tr>\n",
       "      <th>1</th>\n",
       "      <td>Customer_2</td>\n",
       "      <td>2084.033455</td>\n",
       "      <td>20.549610</td>\n",
       "      <td>18.182319</td>\n",
       "      <td>0.000000</td>\n",
       "      <td>13.441909</td>\n",
       "      <td>23.413009</td>\n",
       "      <td>12.379373</td>\n",
       "      <td>8.802658</td>\n",
       "      <td>14.771390</td>\n",
       "      <td>19.420864</td>\n",
       "      <td>10.554106</td>\n",
       "      <td>21.996704</td>\n",
       "      <td>9.272869</td>\n",
       "      <td>14.903864</td>\n",
       "      <td>20.722340</td>\n",
       "      <td>21.779559</td>\n",
       "      <td>18.747650</td>\n",
       "    </tr>\n",
       "    <tr>\n",
       "      <th>2</th>\n",
       "      <td>Customer_3</td>\n",
       "      <td>1675.128584</td>\n",
       "      <td>2.150799</td>\n",
       "      <td>6.987729</td>\n",
       "      <td>13.441909</td>\n",
       "      <td>0.000000</td>\n",
       "      <td>9.027693</td>\n",
       "      <td>15.271752</td>\n",
       "      <td>11.090113</td>\n",
       "      <td>17.949967</td>\n",
       "      <td>9.428343</td>\n",
       "      <td>16.277598</td>\n",
       "      <td>20.421898</td>\n",
       "      <td>15.631096</td>\n",
       "      <td>10.987299</td>\n",
       "      <td>7.610090</td>\n",
       "      <td>23.582960</td>\n",
       "      <td>18.073724</td>\n",
       "    </tr>\n",
       "    <tr>\n",
       "      <th>3</th>\n",
       "      <td>Customer_4</td>\n",
       "      <td>2686.814929</td>\n",
       "      <td>15.998685</td>\n",
       "      <td>7.678954</td>\n",
       "      <td>23.413009</td>\n",
       "      <td>9.027693</td>\n",
       "      <td>0.000000</td>\n",
       "      <td>13.529232</td>\n",
       "      <td>15.887557</td>\n",
       "      <td>16.872246</td>\n",
       "      <td>18.641042</td>\n",
       "      <td>15.578955</td>\n",
       "      <td>18.062265</td>\n",
       "      <td>15.809172</td>\n",
       "      <td>12.307230</td>\n",
       "      <td>15.296024</td>\n",
       "      <td>10.108355</td>\n",
       "      <td>13.404692</td>\n",
       "    </tr>\n",
       "    <tr>\n",
       "      <th>4</th>\n",
       "      <td>Customer_5</td>\n",
       "      <td>3842.413770</td>\n",
       "      <td>9.327903</td>\n",
       "      <td>13.694510</td>\n",
       "      <td>12.379373</td>\n",
       "      <td>15.271752</td>\n",
       "      <td>13.529232</td>\n",
       "      <td>0.000000</td>\n",
       "      <td>10.943846</td>\n",
       "      <td>17.210991</td>\n",
       "      <td>12.290085</td>\n",
       "      <td>10.398820</td>\n",
       "      <td>12.638817</td>\n",
       "      <td>19.039575</td>\n",
       "      <td>8.938190</td>\n",
       "      <td>19.624197</td>\n",
       "      <td>11.997656</td>\n",
       "      <td>16.242980</td>\n",
       "    </tr>\n",
       "    <tr>\n",
       "      <th>5</th>\n",
       "      <td>Customer_6</td>\n",
       "      <td>1543.327493</td>\n",
       "      <td>14.338588</td>\n",
       "      <td>8.329835</td>\n",
       "      <td>8.802658</td>\n",
       "      <td>11.090113</td>\n",
       "      <td>15.887557</td>\n",
       "      <td>10.943846</td>\n",
       "      <td>0.000000</td>\n",
       "      <td>11.083877</td>\n",
       "      <td>12.895180</td>\n",
       "      <td>21.809757</td>\n",
       "      <td>18.748572</td>\n",
       "      <td>11.346177</td>\n",
       "      <td>20.955126</td>\n",
       "      <td>12.382848</td>\n",
       "      <td>14.034171</td>\n",
       "      <td>10.275895</td>\n",
       "    </tr>\n",
       "    <tr>\n",
       "      <th>6</th>\n",
       "      <td>Customer_7</td>\n",
       "      <td>423.104792</td>\n",
       "      <td>4.716093</td>\n",
       "      <td>12.811331</td>\n",
       "      <td>14.771390</td>\n",
       "      <td>17.949967</td>\n",
       "      <td>16.872246</td>\n",
       "      <td>17.210991</td>\n",
       "      <td>11.083877</td>\n",
       "      <td>0.000000</td>\n",
       "      <td>13.921626</td>\n",
       "      <td>13.094882</td>\n",
       "      <td>10.247036</td>\n",
       "      <td>17.225741</td>\n",
       "      <td>13.112054</td>\n",
       "      <td>17.492188</td>\n",
       "      <td>14.286843</td>\n",
       "      <td>17.553653</td>\n",
       "    </tr>\n",
       "    <tr>\n",
       "      <th>7</th>\n",
       "      <td>Customer_8</td>\n",
       "      <td>772.089875</td>\n",
       "      <td>23.942911</td>\n",
       "      <td>11.318991</td>\n",
       "      <td>19.420864</td>\n",
       "      <td>9.428343</td>\n",
       "      <td>18.641042</td>\n",
       "      <td>12.290085</td>\n",
       "      <td>12.895180</td>\n",
       "      <td>13.921626</td>\n",
       "      <td>0.000000</td>\n",
       "      <td>11.909236</td>\n",
       "      <td>9.302199</td>\n",
       "      <td>18.923284</td>\n",
       "      <td>16.165367</td>\n",
       "      <td>11.989881</td>\n",
       "      <td>17.207899</td>\n",
       "      <td>20.410760</td>\n",
       "    </tr>\n",
       "    <tr>\n",
       "      <th>8</th>\n",
       "      <td>Customer_9</td>\n",
       "      <td>1159.807009</td>\n",
       "      <td>22.496673</td>\n",
       "      <td>15.708546</td>\n",
       "      <td>10.554106</td>\n",
       "      <td>16.277598</td>\n",
       "      <td>15.578955</td>\n",
       "      <td>10.398820</td>\n",
       "      <td>21.809757</td>\n",
       "      <td>13.094882</td>\n",
       "      <td>11.909236</td>\n",
       "      <td>0.000000</td>\n",
       "      <td>12.894249</td>\n",
       "      <td>16.853413</td>\n",
       "      <td>17.332640</td>\n",
       "      <td>22.532072</td>\n",
       "      <td>15.230985</td>\n",
       "      <td>15.076411</td>\n",
       "    </tr>\n",
       "    <tr>\n",
       "      <th>9</th>\n",
       "      <td>Customer_10</td>\n",
       "      <td>2286.050615</td>\n",
       "      <td>2.921730</td>\n",
       "      <td>12.106011</td>\n",
       "      <td>21.996704</td>\n",
       "      <td>20.421898</td>\n",
       "      <td>18.062265</td>\n",
       "      <td>12.638817</td>\n",
       "      <td>18.748572</td>\n",
       "      <td>10.247036</td>\n",
       "      <td>9.302199</td>\n",
       "      <td>12.894249</td>\n",
       "      <td>0.000000</td>\n",
       "      <td>15.286151</td>\n",
       "      <td>15.799132</td>\n",
       "      <td>12.360215</td>\n",
       "      <td>17.759712</td>\n",
       "      <td>16.609838</td>\n",
       "    </tr>\n",
       "    <tr>\n",
       "      <th>10</th>\n",
       "      <td>Customer_11</td>\n",
       "      <td>1980.771759</td>\n",
       "      <td>15.002126</td>\n",
       "      <td>14.568374</td>\n",
       "      <td>9.272869</td>\n",
       "      <td>15.631096</td>\n",
       "      <td>15.809172</td>\n",
       "      <td>19.039575</td>\n",
       "      <td>11.346177</td>\n",
       "      <td>17.225741</td>\n",
       "      <td>18.923284</td>\n",
       "      <td>16.853413</td>\n",
       "      <td>15.286151</td>\n",
       "      <td>0.000000</td>\n",
       "      <td>11.414367</td>\n",
       "      <td>14.554099</td>\n",
       "      <td>13.169557</td>\n",
       "      <td>16.863130</td>\n",
       "    </tr>\n",
       "    <tr>\n",
       "      <th>11</th>\n",
       "      <td>Customer_12</td>\n",
       "      <td>941.064383</td>\n",
       "      <td>18.032153</td>\n",
       "      <td>20.642632</td>\n",
       "      <td>14.903864</td>\n",
       "      <td>10.987299</td>\n",
       "      <td>12.307230</td>\n",
       "      <td>8.938190</td>\n",
       "      <td>20.955126</td>\n",
       "      <td>13.112054</td>\n",
       "      <td>16.165367</td>\n",
       "      <td>17.332640</td>\n",
       "      <td>15.799132</td>\n",
       "      <td>11.414367</td>\n",
       "      <td>0.000000</td>\n",
       "      <td>15.134363</td>\n",
       "      <td>19.015793</td>\n",
       "      <td>16.117031</td>\n",
       "    </tr>\n",
       "    <tr>\n",
       "      <th>12</th>\n",
       "      <td>Customer_13</td>\n",
       "      <td>3967.356347</td>\n",
       "      <td>15.798800</td>\n",
       "      <td>15.469589</td>\n",
       "      <td>20.722340</td>\n",
       "      <td>7.610090</td>\n",
       "      <td>15.296024</td>\n",
       "      <td>19.624197</td>\n",
       "      <td>12.382848</td>\n",
       "      <td>17.492188</td>\n",
       "      <td>11.989881</td>\n",
       "      <td>22.532072</td>\n",
       "      <td>12.360215</td>\n",
       "      <td>14.554099</td>\n",
       "      <td>15.134363</td>\n",
       "      <td>0.000000</td>\n",
       "      <td>11.437552</td>\n",
       "      <td>12.283066</td>\n",
       "    </tr>\n",
       "    <tr>\n",
       "      <th>13</th>\n",
       "      <td>Customer_14</td>\n",
       "      <td>3051.517230</td>\n",
       "      <td>5.098014</td>\n",
       "      <td>13.696646</td>\n",
       "      <td>21.779559</td>\n",
       "      <td>23.582960</td>\n",
       "      <td>10.108355</td>\n",
       "      <td>11.997656</td>\n",
       "      <td>14.034171</td>\n",
       "      <td>14.286843</td>\n",
       "      <td>17.207899</td>\n",
       "      <td>15.230985</td>\n",
       "      <td>17.759712</td>\n",
       "      <td>13.169557</td>\n",
       "      <td>19.015793</td>\n",
       "      <td>11.437552</td>\n",
       "      <td>0.000000</td>\n",
       "      <td>12.425141</td>\n",
       "    </tr>\n",
       "    <tr>\n",
       "      <th>14</th>\n",
       "      <td>Customer_15</td>\n",
       "      <td>1148.330111</td>\n",
       "      <td>7.565243</td>\n",
       "      <td>20.036904</td>\n",
       "      <td>18.747650</td>\n",
       "      <td>18.073724</td>\n",
       "      <td>13.404692</td>\n",
       "      <td>16.242980</td>\n",
       "      <td>10.275895</td>\n",
       "      <td>17.553653</td>\n",
       "      <td>20.410760</td>\n",
       "      <td>15.076411</td>\n",
       "      <td>16.609838</td>\n",
       "      <td>16.863130</td>\n",
       "      <td>16.117031</td>\n",
       "      <td>12.283066</td>\n",
       "      <td>12.425141</td>\n",
       "      <td>0.000000</td>\n",
       "    </tr>\n",
       "  </tbody>\n",
       "</table>\n",
       "</div>"
      ],
      "text/plain": [
       "     Unnamed: 0         Size      Depot  Customer_1  Customer_2  Customer_3  \\\n",
       "0    Customer_1  3614.258155  22.793623    0.000000   18.182319    6.987729   \n",
       "1    Customer_2  2084.033455  20.549610   18.182319    0.000000   13.441909   \n",
       "2    Customer_3  1675.128584   2.150799    6.987729   13.441909    0.000000   \n",
       "3    Customer_4  2686.814929  15.998685    7.678954   23.413009    9.027693   \n",
       "4    Customer_5  3842.413770   9.327903   13.694510   12.379373   15.271752   \n",
       "5    Customer_6  1543.327493  14.338588    8.329835    8.802658   11.090113   \n",
       "6    Customer_7   423.104792   4.716093   12.811331   14.771390   17.949967   \n",
       "7    Customer_8   772.089875  23.942911   11.318991   19.420864    9.428343   \n",
       "8    Customer_9  1159.807009  22.496673   15.708546   10.554106   16.277598   \n",
       "9   Customer_10  2286.050615   2.921730   12.106011   21.996704   20.421898   \n",
       "10  Customer_11  1980.771759  15.002126   14.568374    9.272869   15.631096   \n",
       "11  Customer_12   941.064383  18.032153   20.642632   14.903864   10.987299   \n",
       "12  Customer_13  3967.356347  15.798800   15.469589   20.722340    7.610090   \n",
       "13  Customer_14  3051.517230   5.098014   13.696646   21.779559   23.582960   \n",
       "14  Customer_15  1148.330111   7.565243   20.036904   18.747650   18.073724   \n",
       "\n",
       "    Customer_4  Customer_5  Customer_6  Customer_7  Customer_8  Customer_9  \\\n",
       "0     7.678954   13.694510    8.329835   12.811331   11.318991   15.708546   \n",
       "1    23.413009   12.379373    8.802658   14.771390   19.420864   10.554106   \n",
       "2     9.027693   15.271752   11.090113   17.949967    9.428343   16.277598   \n",
       "3     0.000000   13.529232   15.887557   16.872246   18.641042   15.578955   \n",
       "4    13.529232    0.000000   10.943846   17.210991   12.290085   10.398820   \n",
       "5    15.887557   10.943846    0.000000   11.083877   12.895180   21.809757   \n",
       "6    16.872246   17.210991   11.083877    0.000000   13.921626   13.094882   \n",
       "7    18.641042   12.290085   12.895180   13.921626    0.000000   11.909236   \n",
       "8    15.578955   10.398820   21.809757   13.094882   11.909236    0.000000   \n",
       "9    18.062265   12.638817   18.748572   10.247036    9.302199   12.894249   \n",
       "10   15.809172   19.039575   11.346177   17.225741   18.923284   16.853413   \n",
       "11   12.307230    8.938190   20.955126   13.112054   16.165367   17.332640   \n",
       "12   15.296024   19.624197   12.382848   17.492188   11.989881   22.532072   \n",
       "13   10.108355   11.997656   14.034171   14.286843   17.207899   15.230985   \n",
       "14   13.404692   16.242980   10.275895   17.553653   20.410760   15.076411   \n",
       "\n",
       "    Customer_10  Customer_11  Customer_12  Customer_13  Customer_14  \\\n",
       "0     12.106011    14.568374    20.642632    15.469589    13.696646   \n",
       "1     21.996704     9.272869    14.903864    20.722340    21.779559   \n",
       "2     20.421898    15.631096    10.987299     7.610090    23.582960   \n",
       "3     18.062265    15.809172    12.307230    15.296024    10.108355   \n",
       "4     12.638817    19.039575     8.938190    19.624197    11.997656   \n",
       "5     18.748572    11.346177    20.955126    12.382848    14.034171   \n",
       "6     10.247036    17.225741    13.112054    17.492188    14.286843   \n",
       "7      9.302199    18.923284    16.165367    11.989881    17.207899   \n",
       "8     12.894249    16.853413    17.332640    22.532072    15.230985   \n",
       "9      0.000000    15.286151    15.799132    12.360215    17.759712   \n",
       "10    15.286151     0.000000    11.414367    14.554099    13.169557   \n",
       "11    15.799132    11.414367     0.000000    15.134363    19.015793   \n",
       "12    12.360215    14.554099    15.134363     0.000000    11.437552   \n",
       "13    17.759712    13.169557    19.015793    11.437552     0.000000   \n",
       "14    16.609838    16.863130    16.117031    12.283066    12.425141   \n",
       "\n",
       "    Customer_15  \n",
       "0     20.036904  \n",
       "1     18.747650  \n",
       "2     18.073724  \n",
       "3     13.404692  \n",
       "4     16.242980  \n",
       "5     10.275895  \n",
       "6     17.553653  \n",
       "7     20.410760  \n",
       "8     15.076411  \n",
       "9     16.609838  \n",
       "10    16.863130  \n",
       "11    16.117031  \n",
       "12    12.283066  \n",
       "13    12.425141  \n",
       "14     0.000000  "
      ]
     },
     "execution_count": 4,
     "metadata": {},
     "output_type": "execute_result"
    }
   ],
   "source": [
    "delivery = pd.read_csv('https://raw.githubusercontent.com/mn42899/operations_research/refs/heads/main/delivery.csv')\n",
    "delivery"
   ]
  },
  {
   "cell_type": "markdown",
   "id": "6c21c018",
   "metadata": {},
   "source": [
    "1e"
   ]
  },
  {
   "cell_type": "code",
   "execution_count": 5,
   "id": "e689733e",
   "metadata": {},
   "outputs": [
    {
     "name": "stdout",
     "output_type": "stream",
     "text": [
      "Data loaded successfully:\n",
      "   Unnamed: 0         Size      Depot  Customer_1  Customer_2  Customer_3  \\\n",
      "0  Customer_1  3614.258155  22.793623    0.000000   18.182319    6.987729   \n",
      "1  Customer_2  2084.033455  20.549610   18.182319    0.000000   13.441909   \n",
      "2  Customer_3  1675.128584   2.150799    6.987729   13.441909    0.000000   \n",
      "3  Customer_4  2686.814929  15.998685    7.678954   23.413009    9.027693   \n",
      "4  Customer_5  3842.413770   9.327903   13.694510   12.379373   15.271752   \n",
      "\n",
      "   Customer_4  Customer_5  Customer_6  Customer_7  Customer_8  Customer_9  \\\n",
      "0    7.678954   13.694510    8.329835   12.811331   11.318991   15.708546   \n",
      "1   23.413009   12.379373    8.802658   14.771390   19.420864   10.554106   \n",
      "2    9.027693   15.271752   11.090113   17.949967    9.428343   16.277598   \n",
      "3    0.000000   13.529232   15.887557   16.872246   18.641042   15.578955   \n",
      "4   13.529232    0.000000   10.943846   17.210991   12.290085   10.398820   \n",
      "\n",
      "   Customer_10  Customer_11  Customer_12  Customer_13  Customer_14  \\\n",
      "0    12.106011    14.568374    20.642632    15.469589    13.696646   \n",
      "1    21.996704     9.272869    14.903864    20.722340    21.779559   \n",
      "2    20.421898    15.631096    10.987299     7.610090    23.582960   \n",
      "3    18.062265    15.809172    12.307230    15.296024    10.108355   \n",
      "4    12.638817    19.039575     8.938190    19.624197    11.997656   \n",
      "\n",
      "   Customer_15  \n",
      "0    20.036904  \n",
      "1    18.747650  \n",
      "2    18.073724  \n",
      "3    13.404692  \n",
      "4    16.242980  \n",
      "\n",
      "Number of customers: 15\n",
      "Total weight to deliver: 31176.06850759755 lbs\n",
      "Package weights (lbs): [3614.25815524 2084.03345466 1675.12858388 2686.81492872 3842.41376988\n",
      " 1543.32749343  423.10479244  772.08987518 1159.80700896 2286.05061465\n",
      " 1980.77175867  941.06438332 3967.35634683 3051.51723043 1148.33011131]\n",
      "Number of vans available: 3\n",
      "Maximum weight per van: 15000 lbs\n",
      "Maximum distance per van: 254 km\n",
      "Set parameter Username\n",
      "Set parameter LicenseID to value 2610046\n",
      "Academic license - for non-commercial use only - expires 2026-01-14\n",
      "\n",
      "Model statistics:\n",
      "Number of variables: 0\n",
      "Number of binary variables: 0\n",
      "Number of constraints: 0\n",
      "\n",
      "Solving the model...\n",
      "Gurobi Optimizer version 12.0.0 build v12.0.0rc1 (mac64[arm] - Darwin 23.5.0 23F79)\n",
      "\n",
      "CPU model: Apple M3\n",
      "Thread count: 8 physical cores, 8 logical processors, using up to 8 threads\n",
      "\n",
      "Optimize a model with 48 rows, 49 columns and 246 nonzeros\n",
      "Model fingerprint: 0x385353c0\n",
      "Variable types: 4 continuous, 45 integer (45 binary)\n",
      "Coefficient statistics:\n",
      "  Matrix range     [1e+00, 4e+03]\n",
      "  Objective range  [1e+00, 1e+00]\n",
      "  Bounds range     [1e+00, 1e+00]\n",
      "  RHS range        [1e+00, 2e+04]\n",
      "Presolve removed 14 rows and 6 columns\n",
      "Presolve time: 0.00s\n",
      "Presolved: 34 rows, 43 columns, 168 nonzeros\n",
      "Variable types: 4 continuous, 39 integer (39 binary)\n",
      "Found heuristic solution: objective 6298.3254271\n",
      "Found heuristic solution: objective 2994.5393021\n",
      "\n",
      "Root relaxation: objective 0.000000e+00, 26 iterations, 0.00 seconds (0.00 work units)\n",
      "\n",
      "    Nodes    |    Current Node    |     Objective Bounds      |     Work\n",
      " Expl Unexpl |  Obj  Depth IntInf | Incumbent    BestBd   Gap | It/Node Time\n",
      "\n",
      "     0     0    0.00000    0    9 2994.53930    0.00000   100%     -    0s\n",
      "H    0     0                    1291.0123551    0.00000   100%     -    0s\n",
      "H    0     0                     926.3100534    0.00000   100%     -    0s\n",
      "H    0     0                     491.0519292    0.00000   100%     -    0s\n",
      "     0     0    0.00000    0   12  491.05193    0.00000   100%     -    0s\n",
      "H    0     0                     318.3704831    0.00000   100%     -    0s\n",
      "     0     0    0.00000    0    9  318.37048    0.00000   100%     -    0s\n",
      "H    0     0                     198.5309070    0.00000   100%     -    0s\n",
      "H    0     0                     196.2014363    0.00000   100%     -    0s\n",
      "     0     0    0.00000    0    9  196.20144    0.00000   100%     -    0s\n",
      "     0     0    0.00000    0    9  196.20144    0.00000   100%     -    0s\n",
      "     0     0    0.00000    0   11  196.20144    0.00000   100%     -    0s\n",
      "H    0     0                     192.3577396    0.00000   100%     -    0s\n",
      "H    0     0                     108.5003118    0.00000   100%     -    0s\n",
      "     0     0    0.00000    0    7  108.50031    0.00000   100%     -    0s\n",
      "     0     0    0.00000    0   12  108.50031    0.00000   100%     -    0s\n",
      "     0     0    0.00000    0    7  108.50031    0.00000   100%     -    0s\n",
      "     0     0    0.00000    0    7  108.50031    0.00000   100%     -    0s\n",
      "     0     0    0.00000    0    7  108.50031    0.00000   100%     -    0s\n",
      "     0     2    0.00000    0    7  108.50031    0.00000   100%     -    0s\n",
      "\n",
      "Cutting planes:\n",
      "  Gomory: 2\n",
      "  Cover: 4\n",
      "  MIR: 2\n",
      "  StrongCG: 1\n",
      "  Inf proof: 3\n",
      "\n",
      "Explored 85 nodes (520 simplex iterations) in 0.05 seconds (0.01 work units)\n",
      "Thread count was 8 (of 8 available processors)\n",
      "\n",
      "Solution count 10: 108.5 192.358 196.201 ... 6298.33\n",
      "\n",
      "Optimal solution found (tolerance 1.00e-04)\n",
      "Best objective 1.085003118344e+02, best bound 1.085003118344e+02, gap 0.0000%\n",
      "\n",
      "Optimal solution found!\n",
      "Optimal objective value (minimum maximum weight difference): 108.50031183438841 lbs\n",
      "\n",
      "Van 1:\n",
      "  Customers: [1, 3, 7, 8, 13]\n",
      "  Total Weight: 10451.93775356757 lbs\n",
      "  Approx. Distance: 138.8044531874132 km\n",
      "  Number of Deliveries: 5\n",
      "\n",
      "Van 2:\n",
      "  Customers: [2, 10, 11, 12, 14]\n",
      "  Total Weight: 10343.437441733184 lbs\n",
      "  Approx. Distance: 123.20726388842647 km\n",
      "  Number of Deliveries: 5\n",
      "\n",
      "Van 3:\n",
      "  Customers: [4, 5, 6, 9, 15]\n",
      "  Total Weight: 10380.69331229679 lbs\n",
      "  Approx. Distance: 139.4541833549398 km\n",
      "  Number of Deliveries: 5\n",
      "\n",
      "Total weight of all deliveries: 31176.06850759755 lbs\n",
      "Average weight per van: 10392.02 lbs\n",
      "Maximum weight difference (verification): 108.5003118343866 lbs\n"
     ]
    },
    {
     "ename": "OSError",
     "evalue": "[Errno 30] Read-only file system: '/fedex_solution.png'",
     "output_type": "error",
     "traceback": [
      "\u001b[0;31m---------------------------------------------------------------------------\u001b[0m",
      "\u001b[0;31mOSError\u001b[0m                                   Traceback (most recent call last)",
      "Cell \u001b[0;32mIn[5], line 161\u001b[0m\n\u001b[1;32m    159\u001b[0m     ax\u001b[38;5;241m.\u001b[39mlegend()\n\u001b[1;32m    160\u001b[0m     plt\u001b[38;5;241m.\u001b[39mtight_layout()\n\u001b[0;32m--> 161\u001b[0m     \u001b[43mplt\u001b[49m\u001b[38;5;241;43m.\u001b[39;49m\u001b[43msavefig\u001b[49m\u001b[43m(\u001b[49m\u001b[38;5;124;43m'\u001b[39;49m\u001b[38;5;124;43mfedex_solution.png\u001b[39;49m\u001b[38;5;124;43m'\u001b[39;49m\u001b[43m)\u001b[49m\n\u001b[1;32m    162\u001b[0m     plt\u001b[38;5;241m.\u001b[39mshow()\n\u001b[1;32m    163\u001b[0m \u001b[38;5;28;01melse\u001b[39;00m:\n",
      "File \u001b[0;32m/Library/Frameworks/Python.framework/Versions/3.12/lib/python3.12/site-packages/matplotlib/pyplot.py:1228\u001b[0m, in \u001b[0;36msavefig\u001b[0;34m(*args, **kwargs)\u001b[0m\n\u001b[1;32m   1225\u001b[0m fig \u001b[38;5;241m=\u001b[39m gcf()\n\u001b[1;32m   1226\u001b[0m \u001b[38;5;66;03m# savefig default implementation has no return, so mypy is unhappy\u001b[39;00m\n\u001b[1;32m   1227\u001b[0m \u001b[38;5;66;03m# presumably this is here because subclasses can return?\u001b[39;00m\n\u001b[0;32m-> 1228\u001b[0m res \u001b[38;5;241m=\u001b[39m \u001b[43mfig\u001b[49m\u001b[38;5;241;43m.\u001b[39;49m\u001b[43msavefig\u001b[49m\u001b[43m(\u001b[49m\u001b[38;5;241;43m*\u001b[39;49m\u001b[43margs\u001b[49m\u001b[43m,\u001b[49m\u001b[43m \u001b[49m\u001b[38;5;241;43m*\u001b[39;49m\u001b[38;5;241;43m*\u001b[39;49m\u001b[43mkwargs\u001b[49m\u001b[43m)\u001b[49m  \u001b[38;5;66;03m# type: ignore[func-returns-value]\u001b[39;00m\n\u001b[1;32m   1229\u001b[0m fig\u001b[38;5;241m.\u001b[39mcanvas\u001b[38;5;241m.\u001b[39mdraw_idle()  \u001b[38;5;66;03m# Need this if 'transparent=True', to reset colors.\u001b[39;00m\n\u001b[1;32m   1230\u001b[0m \u001b[38;5;28;01mreturn\u001b[39;00m res\n",
      "File \u001b[0;32m/Library/Frameworks/Python.framework/Versions/3.12/lib/python3.12/site-packages/matplotlib/figure.py:3395\u001b[0m, in \u001b[0;36mFigure.savefig\u001b[0;34m(self, fname, transparent, **kwargs)\u001b[0m\n\u001b[1;32m   3393\u001b[0m     \u001b[38;5;28;01mfor\u001b[39;00m ax \u001b[38;5;129;01min\u001b[39;00m \u001b[38;5;28mself\u001b[39m\u001b[38;5;241m.\u001b[39maxes:\n\u001b[1;32m   3394\u001b[0m         _recursively_make_axes_transparent(stack, ax)\n\u001b[0;32m-> 3395\u001b[0m \u001b[38;5;28;43mself\u001b[39;49m\u001b[38;5;241;43m.\u001b[39;49m\u001b[43mcanvas\u001b[49m\u001b[38;5;241;43m.\u001b[39;49m\u001b[43mprint_figure\u001b[49m\u001b[43m(\u001b[49m\u001b[43mfname\u001b[49m\u001b[43m,\u001b[49m\u001b[43m \u001b[49m\u001b[38;5;241;43m*\u001b[39;49m\u001b[38;5;241;43m*\u001b[39;49m\u001b[43mkwargs\u001b[49m\u001b[43m)\u001b[49m\n",
      "File \u001b[0;32m/Library/Frameworks/Python.framework/Versions/3.12/lib/python3.12/site-packages/matplotlib/backend_bases.py:2204\u001b[0m, in \u001b[0;36mFigureCanvasBase.print_figure\u001b[0;34m(self, filename, dpi, facecolor, edgecolor, orientation, format, bbox_inches, pad_inches, bbox_extra_artists, backend, **kwargs)\u001b[0m\n\u001b[1;32m   2200\u001b[0m \u001b[38;5;28;01mtry\u001b[39;00m:\n\u001b[1;32m   2201\u001b[0m     \u001b[38;5;66;03m# _get_renderer may change the figure dpi (as vector formats\u001b[39;00m\n\u001b[1;32m   2202\u001b[0m     \u001b[38;5;66;03m# force the figure dpi to 72), so we need to set it again here.\u001b[39;00m\n\u001b[1;32m   2203\u001b[0m     \u001b[38;5;28;01mwith\u001b[39;00m cbook\u001b[38;5;241m.\u001b[39m_setattr_cm(\u001b[38;5;28mself\u001b[39m\u001b[38;5;241m.\u001b[39mfigure, dpi\u001b[38;5;241m=\u001b[39mdpi):\n\u001b[0;32m-> 2204\u001b[0m         result \u001b[38;5;241m=\u001b[39m \u001b[43mprint_method\u001b[49m\u001b[43m(\u001b[49m\n\u001b[1;32m   2205\u001b[0m \u001b[43m            \u001b[49m\u001b[43mfilename\u001b[49m\u001b[43m,\u001b[49m\n\u001b[1;32m   2206\u001b[0m \u001b[43m            \u001b[49m\u001b[43mfacecolor\u001b[49m\u001b[38;5;241;43m=\u001b[39;49m\u001b[43mfacecolor\u001b[49m\u001b[43m,\u001b[49m\n\u001b[1;32m   2207\u001b[0m \u001b[43m            \u001b[49m\u001b[43medgecolor\u001b[49m\u001b[38;5;241;43m=\u001b[39;49m\u001b[43medgecolor\u001b[49m\u001b[43m,\u001b[49m\n\u001b[1;32m   2208\u001b[0m \u001b[43m            \u001b[49m\u001b[43morientation\u001b[49m\u001b[38;5;241;43m=\u001b[39;49m\u001b[43morientation\u001b[49m\u001b[43m,\u001b[49m\n\u001b[1;32m   2209\u001b[0m \u001b[43m            \u001b[49m\u001b[43mbbox_inches_restore\u001b[49m\u001b[38;5;241;43m=\u001b[39;49m\u001b[43m_bbox_inches_restore\u001b[49m\u001b[43m,\u001b[49m\n\u001b[1;32m   2210\u001b[0m \u001b[43m            \u001b[49m\u001b[38;5;241;43m*\u001b[39;49m\u001b[38;5;241;43m*\u001b[39;49m\u001b[43mkwargs\u001b[49m\u001b[43m)\u001b[49m\n\u001b[1;32m   2211\u001b[0m \u001b[38;5;28;01mfinally\u001b[39;00m:\n\u001b[1;32m   2212\u001b[0m     \u001b[38;5;28;01mif\u001b[39;00m bbox_inches \u001b[38;5;129;01mand\u001b[39;00m restore_bbox:\n",
      "File \u001b[0;32m/Library/Frameworks/Python.framework/Versions/3.12/lib/python3.12/site-packages/matplotlib/backend_bases.py:2054\u001b[0m, in \u001b[0;36mFigureCanvasBase._switch_canvas_and_return_print_method.<locals>.<lambda>\u001b[0;34m(*args, **kwargs)\u001b[0m\n\u001b[1;32m   2050\u001b[0m     optional_kws \u001b[38;5;241m=\u001b[39m {  \u001b[38;5;66;03m# Passed by print_figure for other renderers.\u001b[39;00m\n\u001b[1;32m   2051\u001b[0m         \u001b[38;5;124m\"\u001b[39m\u001b[38;5;124mdpi\u001b[39m\u001b[38;5;124m\"\u001b[39m, \u001b[38;5;124m\"\u001b[39m\u001b[38;5;124mfacecolor\u001b[39m\u001b[38;5;124m\"\u001b[39m, \u001b[38;5;124m\"\u001b[39m\u001b[38;5;124medgecolor\u001b[39m\u001b[38;5;124m\"\u001b[39m, \u001b[38;5;124m\"\u001b[39m\u001b[38;5;124morientation\u001b[39m\u001b[38;5;124m\"\u001b[39m,\n\u001b[1;32m   2052\u001b[0m         \u001b[38;5;124m\"\u001b[39m\u001b[38;5;124mbbox_inches_restore\u001b[39m\u001b[38;5;124m\"\u001b[39m}\n\u001b[1;32m   2053\u001b[0m     skip \u001b[38;5;241m=\u001b[39m optional_kws \u001b[38;5;241m-\u001b[39m {\u001b[38;5;241m*\u001b[39minspect\u001b[38;5;241m.\u001b[39msignature(meth)\u001b[38;5;241m.\u001b[39mparameters}\n\u001b[0;32m-> 2054\u001b[0m     print_method \u001b[38;5;241m=\u001b[39m functools\u001b[38;5;241m.\u001b[39mwraps(meth)(\u001b[38;5;28;01mlambda\u001b[39;00m \u001b[38;5;241m*\u001b[39margs, \u001b[38;5;241m*\u001b[39m\u001b[38;5;241m*\u001b[39mkwargs: \u001b[43mmeth\u001b[49m\u001b[43m(\u001b[49m\n\u001b[1;32m   2055\u001b[0m \u001b[43m        \u001b[49m\u001b[38;5;241;43m*\u001b[39;49m\u001b[43margs\u001b[49m\u001b[43m,\u001b[49m\u001b[43m \u001b[49m\u001b[38;5;241;43m*\u001b[39;49m\u001b[38;5;241;43m*\u001b[39;49m\u001b[43m{\u001b[49m\u001b[43mk\u001b[49m\u001b[43m:\u001b[49m\u001b[43m \u001b[49m\u001b[43mv\u001b[49m\u001b[43m \u001b[49m\u001b[38;5;28;43;01mfor\u001b[39;49;00m\u001b[43m \u001b[49m\u001b[43mk\u001b[49m\u001b[43m,\u001b[49m\u001b[43m \u001b[49m\u001b[43mv\u001b[49m\u001b[43m \u001b[49m\u001b[38;5;129;43;01min\u001b[39;49;00m\u001b[43m \u001b[49m\u001b[43mkwargs\u001b[49m\u001b[38;5;241;43m.\u001b[39;49m\u001b[43mitems\u001b[49m\u001b[43m(\u001b[49m\u001b[43m)\u001b[49m\u001b[43m \u001b[49m\u001b[38;5;28;43;01mif\u001b[39;49;00m\u001b[43m \u001b[49m\u001b[43mk\u001b[49m\u001b[43m \u001b[49m\u001b[38;5;129;43;01mnot\u001b[39;49;00m\u001b[43m \u001b[49m\u001b[38;5;129;43;01min\u001b[39;49;00m\u001b[43m \u001b[49m\u001b[43mskip\u001b[49m\u001b[43m}\u001b[49m\u001b[43m)\u001b[49m)\n\u001b[1;32m   2056\u001b[0m \u001b[38;5;28;01melse\u001b[39;00m:  \u001b[38;5;66;03m# Let third-parties do as they see fit.\u001b[39;00m\n\u001b[1;32m   2057\u001b[0m     print_method \u001b[38;5;241m=\u001b[39m meth\n",
      "File \u001b[0;32m/Library/Frameworks/Python.framework/Versions/3.12/lib/python3.12/site-packages/matplotlib/backends/backend_agg.py:496\u001b[0m, in \u001b[0;36mFigureCanvasAgg.print_png\u001b[0;34m(self, filename_or_obj, metadata, pil_kwargs)\u001b[0m\n\u001b[1;32m    449\u001b[0m \u001b[38;5;28;01mdef\u001b[39;00m \u001b[38;5;21mprint_png\u001b[39m(\u001b[38;5;28mself\u001b[39m, filename_or_obj, \u001b[38;5;241m*\u001b[39m, metadata\u001b[38;5;241m=\u001b[39m\u001b[38;5;28;01mNone\u001b[39;00m, pil_kwargs\u001b[38;5;241m=\u001b[39m\u001b[38;5;28;01mNone\u001b[39;00m):\n\u001b[1;32m    450\u001b[0m \u001b[38;5;250m    \u001b[39m\u001b[38;5;124;03m\"\"\"\u001b[39;00m\n\u001b[1;32m    451\u001b[0m \u001b[38;5;124;03m    Write the figure to a PNG file.\u001b[39;00m\n\u001b[1;32m    452\u001b[0m \n\u001b[0;32m   (...)\u001b[0m\n\u001b[1;32m    494\u001b[0m \u001b[38;5;124;03m        *metadata*, including the default 'Software' key.\u001b[39;00m\n\u001b[1;32m    495\u001b[0m \u001b[38;5;124;03m    \"\"\"\u001b[39;00m\n\u001b[0;32m--> 496\u001b[0m     \u001b[38;5;28;43mself\u001b[39;49m\u001b[38;5;241;43m.\u001b[39;49m\u001b[43m_print_pil\u001b[49m\u001b[43m(\u001b[49m\u001b[43mfilename_or_obj\u001b[49m\u001b[43m,\u001b[49m\u001b[43m \u001b[49m\u001b[38;5;124;43m\"\u001b[39;49m\u001b[38;5;124;43mpng\u001b[39;49m\u001b[38;5;124;43m\"\u001b[39;49m\u001b[43m,\u001b[49m\u001b[43m \u001b[49m\u001b[43mpil_kwargs\u001b[49m\u001b[43m,\u001b[49m\u001b[43m \u001b[49m\u001b[43mmetadata\u001b[49m\u001b[43m)\u001b[49m\n",
      "File \u001b[0;32m/Library/Frameworks/Python.framework/Versions/3.12/lib/python3.12/site-packages/matplotlib/backends/backend_agg.py:445\u001b[0m, in \u001b[0;36mFigureCanvasAgg._print_pil\u001b[0;34m(self, filename_or_obj, fmt, pil_kwargs, metadata)\u001b[0m\n\u001b[1;32m    440\u001b[0m \u001b[38;5;250m\u001b[39m\u001b[38;5;124;03m\"\"\"\u001b[39;00m\n\u001b[1;32m    441\u001b[0m \u001b[38;5;124;03mDraw the canvas, then save it using `.image.imsave` (to which\u001b[39;00m\n\u001b[1;32m    442\u001b[0m \u001b[38;5;124;03m*pil_kwargs* and *metadata* are forwarded).\u001b[39;00m\n\u001b[1;32m    443\u001b[0m \u001b[38;5;124;03m\"\"\"\u001b[39;00m\n\u001b[1;32m    444\u001b[0m FigureCanvasAgg\u001b[38;5;241m.\u001b[39mdraw(\u001b[38;5;28mself\u001b[39m)\n\u001b[0;32m--> 445\u001b[0m \u001b[43mmpl\u001b[49m\u001b[38;5;241;43m.\u001b[39;49m\u001b[43mimage\u001b[49m\u001b[38;5;241;43m.\u001b[39;49m\u001b[43mimsave\u001b[49m\u001b[43m(\u001b[49m\n\u001b[1;32m    446\u001b[0m \u001b[43m    \u001b[49m\u001b[43mfilename_or_obj\u001b[49m\u001b[43m,\u001b[49m\u001b[43m \u001b[49m\u001b[38;5;28;43mself\u001b[39;49m\u001b[38;5;241;43m.\u001b[39;49m\u001b[43mbuffer_rgba\u001b[49m\u001b[43m(\u001b[49m\u001b[43m)\u001b[49m\u001b[43m,\u001b[49m\u001b[43m \u001b[49m\u001b[38;5;28;43mformat\u001b[39;49m\u001b[38;5;241;43m=\u001b[39;49m\u001b[43mfmt\u001b[49m\u001b[43m,\u001b[49m\u001b[43m \u001b[49m\u001b[43morigin\u001b[49m\u001b[38;5;241;43m=\u001b[39;49m\u001b[38;5;124;43m\"\u001b[39;49m\u001b[38;5;124;43mupper\u001b[39;49m\u001b[38;5;124;43m\"\u001b[39;49m\u001b[43m,\u001b[49m\n\u001b[1;32m    447\u001b[0m \u001b[43m    \u001b[49m\u001b[43mdpi\u001b[49m\u001b[38;5;241;43m=\u001b[39;49m\u001b[38;5;28;43mself\u001b[39;49m\u001b[38;5;241;43m.\u001b[39;49m\u001b[43mfigure\u001b[49m\u001b[38;5;241;43m.\u001b[39;49m\u001b[43mdpi\u001b[49m\u001b[43m,\u001b[49m\u001b[43m \u001b[49m\u001b[43mmetadata\u001b[49m\u001b[38;5;241;43m=\u001b[39;49m\u001b[43mmetadata\u001b[49m\u001b[43m,\u001b[49m\u001b[43m \u001b[49m\u001b[43mpil_kwargs\u001b[49m\u001b[38;5;241;43m=\u001b[39;49m\u001b[43mpil_kwargs\u001b[49m\u001b[43m)\u001b[49m\n",
      "File \u001b[0;32m/Library/Frameworks/Python.framework/Versions/3.12/lib/python3.12/site-packages/matplotlib/image.py:1676\u001b[0m, in \u001b[0;36mimsave\u001b[0;34m(fname, arr, vmin, vmax, cmap, format, origin, dpi, metadata, pil_kwargs)\u001b[0m\n\u001b[1;32m   1674\u001b[0m pil_kwargs\u001b[38;5;241m.\u001b[39msetdefault(\u001b[38;5;124m\"\u001b[39m\u001b[38;5;124mformat\u001b[39m\u001b[38;5;124m\"\u001b[39m, \u001b[38;5;28mformat\u001b[39m)\n\u001b[1;32m   1675\u001b[0m pil_kwargs\u001b[38;5;241m.\u001b[39msetdefault(\u001b[38;5;124m\"\u001b[39m\u001b[38;5;124mdpi\u001b[39m\u001b[38;5;124m\"\u001b[39m, (dpi, dpi))\n\u001b[0;32m-> 1676\u001b[0m \u001b[43mimage\u001b[49m\u001b[38;5;241;43m.\u001b[39;49m\u001b[43msave\u001b[49m\u001b[43m(\u001b[49m\u001b[43mfname\u001b[49m\u001b[43m,\u001b[49m\u001b[43m \u001b[49m\u001b[38;5;241;43m*\u001b[39;49m\u001b[38;5;241;43m*\u001b[39;49m\u001b[43mpil_kwargs\u001b[49m\u001b[43m)\u001b[49m\n",
      "File \u001b[0;32m/Library/Frameworks/Python.framework/Versions/3.12/lib/python3.12/site-packages/PIL/Image.py:2563\u001b[0m, in \u001b[0;36mImage.save\u001b[0;34m(self, fp, format, **params)\u001b[0m\n\u001b[1;32m   2561\u001b[0m         fp \u001b[38;5;241m=\u001b[39m builtins\u001b[38;5;241m.\u001b[39mopen(filename, \u001b[38;5;124m\"\u001b[39m\u001b[38;5;124mr+b\u001b[39m\u001b[38;5;124m\"\u001b[39m)\n\u001b[1;32m   2562\u001b[0m     \u001b[38;5;28;01melse\u001b[39;00m:\n\u001b[0;32m-> 2563\u001b[0m         fp \u001b[38;5;241m=\u001b[39m \u001b[43mbuiltins\u001b[49m\u001b[38;5;241;43m.\u001b[39;49m\u001b[43mopen\u001b[49m\u001b[43m(\u001b[49m\u001b[43mfilename\u001b[49m\u001b[43m,\u001b[49m\u001b[43m \u001b[49m\u001b[38;5;124;43m\"\u001b[39;49m\u001b[38;5;124;43mw+b\u001b[39;49m\u001b[38;5;124;43m\"\u001b[39;49m\u001b[43m)\u001b[49m\n\u001b[1;32m   2564\u001b[0m \u001b[38;5;28;01melse\u001b[39;00m:\n\u001b[1;32m   2565\u001b[0m     fp \u001b[38;5;241m=\u001b[39m cast(IO[\u001b[38;5;28mbytes\u001b[39m], fp)\n",
      "\u001b[0;31mOSError\u001b[0m: [Errno 30] Read-only file system: '/fedex_solution.png'"
     ]
    },
    {
     "data": {
